#num  sigma8cb    ochh      ns     obhh      w0      wa     Nur     nrun
#
  0  0.811355  0.1200  0.9649  0.02237  -1.000   0.000  2.0328   0.000
  1  0.780222  0.1134  0.9638  0.02242  -1.000   0.000  2.0328   0.000
  2  0.811577  0.1200  0.9649  0.02237  -0.700  -0.500  2.0328   0.000
  3  0.858583  0.1291  0.9876  0.02260  -1.000   0.000  2.6868   0.000
  4  0.753159  0.1200  0.9649  0.02237  -1.000   0.000  2.0328   0.000
100  0.811355  0.1200  0.9649  0.02282  -1.000   0.000  2.0328   0.000
101  0.811355  0.1200  0.9649  0.02193  -1.000   0.000  2.0328   0.000
102  0.811355  0.1240  0.9649  0.02237  -1.000   0.000  2.0328   0.000
103  0.811355  0.1161  0.9649  0.02237  -1.000   0.000  2.0328   0.000
104  0.811355  0.1200  0.9749  0.02237  -1.000   0.000  2.0328   0.000
105  0.811355  0.1200  0.9549  0.02237  -1.000   0.000  2.0328   0.000
106  0.811355  0.1200  0.9649  0.02237  -1.000   0.000  2.0328   0.020
107  0.811355  0.1200  0.9649  0.02237  -1.000   0.000  2.0328  -0.020
108  0.811355  0.1200  0.9649  0.02237  -0.900   0.000  2.0328   0.000
109  0.811355  0.1200  0.9649  0.02237  -1.100   0.000  2.0328   0.000
110  0.811355  0.1200  0.9649  0.02237  -1.100   0.400  2.0328   0.000
111  0.811355  0.1200  0.9649  0.02237  -0.900  -0.400  2.0328   0.000
112  0.827591  0.1200  0.9649  0.02237  -1.000   0.000  2.0328   0.000
113  0.795443  0.1200  0.9649  0.02237  -1.000   0.000  2.0328   0.000
114  0.811355  0.1240  0.9749  0.02237  -1.000   0.000  2.3328   0.000
115  0.811355  0.1240  0.9549  0.02237  -1.000   0.000  2.3328   0.000
#
116  0.869551  0.1200  0.9649  0.02237  -1.000   0.000  2.0328   0.000
#
130  0.713992  0.1200  0.9649  0.02237  -1.000   0.000  2.0328   0.000
131  0.811355  0.1086  0.9649  0.02237  -1.000   0.000  2.0328   0.000
132  0.811355  0.1200  0.9049  0.02237  -1.000   0.000  2.0328   0.000
133  0.908718  0.1200  0.9649  0.02237  -1.000   0.000  2.0328   0.000
134  0.811355  0.1326  0.9649  0.02237  -1.000   0.000  2.0328   0.000
135  0.811355  0.1200  1.0249  0.02237  -1.000   0.000  2.0328   0.000
136  0.886001  0.1192  0.9303  0.02073  -1.000   0.000  2.0328   0.000
137  0.732406  0.1271  0.9252  0.02212  -1.000   0.000  2.0328   0.000
138  0.824865  0.1138  0.9723  0.02108  -1.000   0.000  2.0328   0.000
139  0.796273  0.1128  0.9732  0.02416  -1.000   0.000  2.0328   0.000
140  0.775045  0.1221  0.9893  0.02096  -1.000   0.000  2.0328   0.000
141  0.802521  0.1272  0.9384  0.02381  -1.000   0.000  2.0328   0.000
142  0.710026  0.1130  0.9927  0.02287  -1.000   0.000  2.0328   0.000
143  0.850681  0.1278  0.9952  0.02206  -1.000   0.000  2.0328   0.000
144  0.895080  0.1130  0.9279  0.02210  -1.000   0.000  2.0328   0.000
145  0.804540  0.1186  0.9347  0.02428  -1.000   0.000  2.0328   0.000
146  0.765781  0.1180  0.9351  0.02097  -1.000   0.000  2.0328   0.000
147  0.780193  0.1215  0.9587  0.02113  -0.809  -0.628  2.0328   0.000
148  0.717689  0.1201  0.9380  0.02289  -0.925   0.393  2.0328   0.000
149  0.828120  0.1200  0.9913  0.02188  -1.174   0.613  2.0328   0.000
150  0.941310  0.1216  0.9355  0.02248  -1.090  -0.373  2.0328   0.000
151  0.864045  0.1254  0.9757  0.02315  -0.826  -0.615  2.0328   0.000
152  0.680663  0.1148  0.9541  0.02165  -0.732  -0.187  2.0328   0.000
153  0.797510  0.1199  0.9917  0.02192  -0.735  -0.172  2.0328   0.000
154  0.842168  0.1148  0.9538  0.02158  -1.076  -0.395  2.0328   0.000
155  0.738188  0.1184  0.9713  0.02369  -0.727  -0.184  2.0328   0.000
156  0.804991  0.1261  0.9678  0.02202  -1.176   0.621  2.0328   0.000
157  0.875702  0.1214  0.9356  0.02247  -1.167   0.616  2.0328   0.000
158  0.832952  0.1262  0.9667  0.02201  -1.082  -0.392  2.0328   0.000
159  0.721212  0.1261  0.9673  0.02206  -0.726  -0.220  2.0328   0.000
160  0.880270  0.1185  0.9942  0.02223  -1.271   0.217  2.0328   0.000
161  0.796042  0.1274  0.9649  0.02282  -1.000   0.000  2.7283   0.026
162  0.783044  0.1048  0.9297  0.02136  -1.000   0.000  1.3521  -0.026
163  0.841978  0.1290  0.9922  0.02135  -1.000   0.000  2.8575  -0.018
164  0.777445  0.1091  0.9211  0.02173  -1.000   0.000  1.1769   0.016
165  0.839100  0.1278  1.0241  0.02225  -1.000   0.000  2.7558   0.026
166  0.840873  0.1151  0.9691  0.02306  -1.000   0.000  1.9089   0.038
167  0.771069  0.1400  0.9715  0.02248  -1.000   0.000  2.8889  -0.017
168  0.875143  0.1084  0.9275  0.02157  -1.000   0.000  1.1911   0.016
169  0.780945  0.1222  0.9898  0.02189  -1.000   0.000  1.9109   0.038
170  0.719121  0.1076  0.9387  0.02319  -1.000   0.000  1.3411  -0.026
171  0.856037  0.1272  0.9762  0.02348  -1.000   0.000  2.1543  -0.038
172  0.769049  0.1032  0.9012  0.02282  -1.000   0.000  1.1954   0.017
173  0.767038  0.1161  0.9628  0.02322  -1.000   0.000  1.9049   0.038
174  0.843751  0.1064  0.9437  0.02302  -1.000   0.000  1.3242  -0.026
175  0.711296  0.1336  0.9898  0.02173  -0.911   0.350  2.7456  -0.003
176  0.896310  0.1199  0.9459  0.02238  -1.222   0.339  1.9043   0.036
177  0.808906  0.1344  1.0002  0.02239  -0.757  -0.443  2.8643   0.007
178  0.794333  0.1204  0.9424  0.02234  -0.874  -0.455  1.8987   0.037
179  0.779312  0.1067  0.9308  0.02240  -0.755  -0.435  1.1884  -0.003
180  0.897592  0.1209  0.9796  0.02258  -1.108  -0.274  2.1722  -0.034
181  0.733072  0.1112  0.9336  0.02169  -0.910   0.350  1.4059  -0.013
#  
# winf  Min: -1.474578023  Max: -0.5323188305   
#       Mean: -1.007121801 +- 0.1977373213   Median: -1 +- 0
#  
# ocbhh  Min: 0.1259775907  Max: 0.1624979824   
#       Mean: 0.1422082633 +- 0.006953567732   Median: 0.1423700005 +- 0.005522767082
#  
# sigma8cb  Min: 0.6806631684  Max: 0.9413099885   
#       Mean: 0.8076252341 +- 0.0513609834   Median: 0.8113549948 +- 0.04363448545
#  
# ochh  Min: 0.1031539962  Max: 0.140013814   
#       Mean: 0.1198741421 +- 0.006922176108   Median: 0.1199999973 +- 0.005867722444
#  
# ns  Min: 0.9011918306  Max: 1.02489996   
#       Mean: 0.9620190263 +- 0.02388008498   Median: 0.9649000168 +- 0.02184554376
#  
# obhh  Min: 0.0207291469  Max: 0.02428326197   
#       Mean: 0.02233411558 +- 0.0006667872076   Median: 0.02236999944 +- 0.0003420947469
#  
# w0  Min: -1.27131629  Max: -0.6999999881   
#       Mean: -0.9831360579 +- 0.1090680733   Median: -1 +- 0
#  
# wa  Min: -0.6280469894  Max: 0.6207804084   
#       Mean: -0.02398577146 +- 0.2417316437   Median: 0 +- 0
#  
# Nur  Min: 1.176858187  Max: 2.888933897   
#       Mean: 2.025164843 +- 0.3517045081   Median: 2.032799959 +- 0
#  
# nrun  Min: -0.03752729669  Max: 0.03838388249   
#       Mean: 0.001229676302 +- 0.01441937126   Median: 0 +- 0
#  
# num  Min: 0  Max: 181   
#       Mean: 134.216217 +- 42.96805954   Median: 145 +- 37.0370369
#  
# _enum  Min: -1  Max: 51   
#       Mean: 17.62162209 +- 17.58322906   Median: 15 +- 25.18518448
