# Matter power spectrum P(k) at redshift z=1
# for k=1.00879e-05 to 53.9972 h/Mpc,
# number of wavenumbers equal to 735
#    1:k (h/Mpc)              2:P (Mpc/h)^3        
       1.008790170549e-05       1.059182964073e+02 
       2.252902058928e-05       1.772816128899e+02 
       3.501094708917e-05       2.375116548111e+02 
       4.756500561849e-05       2.922541466238e+02 
       6.022300409628e-05       3.436476929906e+02 
       7.301749859906e-05       3.928177296986e+02 
       8.598206592905e-05       4.404658677813e+02 
       9.915158749894e-05       4.870801522662e+02 
       1.125625479600e-04       5.330282118290e+02 
       1.262533520307e-04       5.786047188275e+02 
       1.402646629985e-04       6.240581194240e+02 
       1.546397663387e-04       6.696069475084e+02 
       1.694249617970e-04       7.154504074425e+02 
       1.846699870521e-04       7.617756780727e+02 
       2.004284756672e-04       8.087631766338e+02 
       2.167584513558e-04       8.565905691828e+02 
       2.337228595270e-04       9.054359180199e+02 
       2.513901354888e-04       9.554802652313e+02 
       2.698348064122e-04       1.006909791028e+03 
       2.891381209557e-04       1.059917650252e+03 
       3.093886960901e-04       1.114705527187e+03 
       3.306831648379e-04       1.171484910393e+03 
       3.531268010853e-04       1.230478064936e+03 
       3.768340880677e-04       1.291918643266e+03 
       4.019291854543e-04       1.356051845527e+03 
       4.285462362650e-04       1.423134009961e+03 
       4.568294396570e-04       1.493431494007e+03 
       4.869328000807e-04       1.567218677088e+03 
       5.190194494688e-04       1.644774908208e+03 
       5.532604301660e-04       1.726380234855e+03 
       5.898328266260e-04       1.812309767331e+03 
       6.289171489229e-04       1.902826611604e+03 
       6.706939065386e-04       1.998173447112e+03 
       7.153393712477e-04       2.098562896408e+03 
       7.630206144356e-04       2.204167143544e+03 
       8.138900121673e-04       2.315107388262e+03 
       8.680795280958e-04       2.431443921692e+03 
       9.256951889305e-04       2.553167784398e+03 
       9.868122333783e-04       2.680194903090e+03 
       1.051471418070e-03       2.812363528771e+03 
       1.119676887878e-03       2.949435454924e+03 
       1.191395865997e-03       3.091101163693e+03 
       1.266560214868e-03       3.236988559996e+03 
       1.345069701972e-03       3.386654540984e+03 
       1.426796619014e-03       3.539650826901e+03 
       1.511591283802e-03       3.695499605192e+03 
       1.599287917294e-03       3.853707802292e+03 
       1.689710428196e-03       4.013786133457e+03 
       1.782677732631e-03       4.175259900840e+03 
       1.878008358203e-03       4.337677592152e+03 
       1.975524203843e-03       4.500617161245e+03 
       2.075053430561e-03       4.663689720311e+03 
       2.176432534388e-03       4.826541788951e+03 
       2.279507700101e-03       4.988855460227e+03 
       2.384135556739e-03       5.150347981206e+03 
       2.490183459670e-03       5.310769733139e+03 
       2.597529415566e-03       5.469902863631e+03 
       2.706061751592e-03       5.627558295215e+03 
       2.815678612507e-03       5.783574134723e+03 
       2.926287351903e-03       5.937811778732e+03 
       3.037803868019e-03       6.090153873254e+03 
       3.150151921100e-03       6.240503463533e+03 
       3.263262458358e-03       6.388778406978e+03 
       3.377072964051e-03       6.534911818482e+03 
       3.491526845666e-03       6.678850256850e+03 
       3.606572862436e-03       6.820550519176e+03 
       3.722164598954e-03       6.959981122713e+03 
       3.838259984307e-03       7.097116919476e+03 
       3.954820855514e-03       7.231941113282e+03 
       4.071812563091e-03       7.364445291785e+03 
       4.189203615963e-03       7.494623059550e+03 
       4.306965362654e-03       7.622474494496e+03 
       4.425071705608e-03       7.748005419173e+03 
       4.543498845558e-03       7.871222741831e+03 
       4.662225052969e-03       7.992136242661e+03 
       4.781230463798e-03       8.110761516767e+03 
       4.900496897008e-03       8.227111605287e+03 
       5.020007691505e-03       8.341206357926e+03 
       5.139747560390e-03       8.453062172306e+03 
       5.259702460612e-03       8.562698305110e+03 
       5.379859476328e-03       8.670139296334e+03 
       5.500206714450e-03       8.775404085432e+03 
       5.620733211023e-03       8.878518236612e+03 
       5.741428847234e-03       8.979502886847e+03 
       5.862284273984e-03       9.078381152105e+03 
       5.983290844084e-03       9.175184419853e+03 
       6.104440551238e-03       9.269931518526e+03 
       6.225725975069e-03       9.362641041901e+03 
       6.347140231532e-03       9.453345492930e+03 
       6.468676928152e-03       9.542068157733e+03 
       6.590330123541e-03       9.628831042884e+03 
       6.712094290777e-03       9.713663357371e+03 
       6.833964284211e-03       9.796589118080e+03 
       6.955935309360e-03       9.877630180504e+03 
       7.078002895568e-03       9.956809782837e+03 
       7.200162871149e-03       1.003415880545e+04 
       7.322411340760e-03       1.010969544209e+04 
       7.444744664791e-03       1.018344295485e+04 
       7.567159440557e-03       1.025543299117e+04 
       7.689652485127e-03       1.032568044096e+04 
       7.812220819634e-03       1.039420794461e+04 
       7.934861654910e-03       1.046104183449e+04 
       8.057572378331e-03       1.052620583152e+04 
       8.180350541761e-03       1.058972221172e+04 
       8.303193850479e-03       1.065161064143e+04 
       8.426100153019e-03       1.071189361715e+04 
       8.549067431816e-03       1.077059336329e+04 
       8.672093794611e-03       1.082773139398e+04 
       8.795177466522e-03       1.088332858773e+04 
       8.918316782748e-03       1.093740540740e+04 
       9.041510181828e-03       1.098998054913e+04 
       9.164756199420e-03       1.104107649813e+04 
       9.288053462559e-03       1.109071137877e+04 
       9.411400684339e-03       1.113890587209e+04 
       9.534796658995e-03       1.118567636971e+04 
       9.658240257357e-03       1.123104056175e+04 
       9.781730422624e-03       1.127502205391e+04 
       9.905266166461e-03       1.131763701094e+04 
       1.002884656536e-02       1.135890204949e+04 
       1.015247075731e-02       1.139883620872e+04 
       1.027613793860e-02       1.143745097594e+04 
       1.039984736099e-02       1.147477598707e+04 
       1.052359832899e-02       1.151081826726e+04 
       1.064739019731e-02       1.154560015215e+04 
       1.077122236859e-02       1.157912884167e+04 
       1.089509429119e-02       1.161143440094e+04 
       1.101900545718e-02       1.164252227107e+04 
       1.114295540046e-02       1.167241397832e+04 
       1.126694369500e-02       1.170112252136e+04 
       1.139096995324e-02       1.172866073112e+04 
       1.151503382455e-02       1.175505207789e+04 
       1.163913499380e-02       1.178030737442e+04 
       1.176327318009e-02       1.180443632675e+04 
       1.188744813552e-02       1.182746956458e+04 
       1.201165964402e-02       1.184940366952e+04 
       1.213590752031e-02       1.187026382864e+04 
       1.226019160892e-02       1.189006505214e+04 
       1.238451178330e-02       1.190881933058e+04 
       1.250886794492e-02       1.192654192999e+04 
       1.263326002252e-02       1.194324107392e+04 
       1.275768797140e-02       1.195894073986e+04 
       1.288215177269e-02       1.197364675882e+04 
       1.300665143279e-02       1.198737539939e+04 
       1.313118698275e-02       1.200013743939e+04 
       1.325575847776e-02       1.201195076545e+04 
       1.338036599669e-02       1.202282099081e+04 
       1.350500964160e-02       1.203276908663e+04 
       1.362968953737e-02       1.204180679854e+04 
       1.375440583132e-02       1.204994247339e+04 
       1.387915869290e-02       1.205718660390e+04 
       1.400394831333e-02       1.206356095691e+04 
       1.412877490541e-02       1.206906887492e+04 
       1.425363870324e-02       1.207372911832e+04 
       1.437853996201e-02       1.207754780920e+04 
       1.450347895783e-02       1.208054132289e+04 
       1.462845598759e-02       1.208271751054e+04 
       1.475347136881e-02       1.208408465298e+04 
       1.487852543954e-02       1.208466390533e+04 
       1.500361855828e-02       1.208446006157e+04 
       1.512875110396e-02       1.208348809806e+04 
       1.525392347582e-02       1.208174682326e+04 
       1.537913609351e-02       1.207926885465e+04 
       1.550438939698e-02       1.207604638986e+04 
       1.562968384661e-02       1.207209589889e+04 
       1.575501992319e-02       1.206743770053e+04 
       1.588039812801e-02       1.206206851068e+04 
       1.600581898295e-02       1.205600175231e+04 
       1.613128303057e-02       1.204924944359e+04 
       1.625679083424e-02       1.204181528541e+04 
       1.638234297828e-02       1.203372703737e+04 
       1.650794006811e-02       1.202497924168e+04 
       1.663358273042e-02       1.201558548834e+04 
       1.675927161340e-02       1.200556285759e+04 
       1.688500738687e-02       1.199490996426e+04 
       1.701079074258e-02       1.198363712595e+04 
       1.713662239441e-02       1.197176348108e+04 
       1.726250307865e-02       1.195929606256e+04 
       1.738843355423e-02       1.194623432506e+04 
       1.751441460307e-02       1.193259624456e+04 
       1.764044703035e-02       1.191838818934e+04 
       1.776653166483e-02       1.190361728396e+04 
       1.789266935921e-02       1.188831040453e+04 
       1.801886099047e-02       1.187244055502e+04 
       1.814510746024e-02       1.185605352705e+04 
       1.827140969522e-02       1.183913406646e+04 
       1.839776864754e-02       1.182170050808e+04 
       1.852418529521e-02       1.180375482522e+04 
       1.865066064256e-02       1.178532234801e+04 
       1.877719572072e-02       1.176639058393e+04 
       1.890379158802e-02       1.174697880253e+04 
       1.903044933060e-02       1.172708569286e+04 
       1.915717006280e-02       1.170674206641e+04 
       1.928395492779e-02       1.168593087523e+04 
       1.941080509807e-02       1.166467539359e+04 
       1.953772177605e-02       1.164297796557e+04 
       1.966470619464e-02       1.162085003610e+04 
       1.979175961786e-02       1.159829359662e+04 
       1.991888334148e-02       1.157532980563e+04 
       2.004607869366e-02       1.155192734736e+04 
       2.017334703562e-02       1.152815607203e+04 
       2.030068976234e-02       1.150398717233e+04 
       2.042810830330e-02       1.147942602398e+04 
       2.055560412319e-02       1.145449124367e+04 
       2.068317872268e-02       1.142918066727e+04 
       2.081083363923e-02       1.140349758273e+04 
       2.093857044788e-02       1.137746770791e+04 
       2.106639076212e-02       1.135109159939e+04 
       2.119429623473e-02       1.132436796131e+04 
       2.132228855870e-02       1.129731238336e+04 
       2.145036946811e-02       1.126992715549e+04 
       2.157854073914e-02       1.124222489074e+04 
       2.170680419102e-02       1.121421689357e+04 
       2.183516168703e-02       1.118589121359e+04 
       2.196361513560e-02       1.115727487244e+04 
       2.209216649130e-02       1.112835615268e+04 
       2.222081775605e-02       1.109915726595e+04 
       2.234957098019e-02       1.106967887674e+04 
       2.247842826369e-02       1.103991947113e+04 
       2.260739175740e-02       1.100992246147e+04 
       2.273646366426e-02       1.097962722408e+04 
       2.286564624062e-02       1.094909963365e+04 
       2.299494179758e-02       1.091831586184e+04 
       2.312435270238e-02       1.088729965216e+04 
       2.325388137982e-02       1.085604351676e+04 
       2.338353031374e-02       1.082456217414e+04 
       2.351330204851e-02       1.079286047822e+04 
       2.364319919066e-02       1.076093825810e+04 
       2.377322441042e-02       1.072879892767e+04 
       2.390338044349e-02       1.069642847734e+04 
       2.403367009268e-02       1.066392540534e+04 
       2.416409622973e-02       1.063118066131e+04 
       2.429466179719e-02       1.059827855664e+04 
       2.442536981026e-02       1.056514679197e+04 
       2.455622335881e-02       1.053190640477e+04 
       2.468722560939e-02       1.049843004591e+04 
       2.481837980735e-02       1.046480641204e+04 
       2.494968927899e-02       1.043099836296e+04 
       2.508115743385e-02       1.039706557003e+04 
       2.521278776701e-02       1.036298914594e+04 
       2.534458386150e-02       1.032873256548e+04 
       2.547654939078e-02       1.029437750221e+04 
       2.560868812137e-02       1.025983982274e+04 
       2.574100391545e-02       1.022521017850e+04 
       2.587350073367e-02       1.019040748062e+04 
       2.600618263801e-02       1.015551987636e+04 
       2.613905379471e-02       1.012049919436e+04 
       2.627211847740e-02       1.008535766558e+04 
       2.640538107022e-02       1.005013076631e+04 
       2.653884607117e-02       1.001478465925e+04 
       2.667251809552e-02       9.979334767210e+03 
       2.680640187933e-02       9.943792811446e+03 
       2.694050228319e-02       9.908132108375e+03 
       2.707482429598e-02       9.872445352516e+03 
       2.720937303887e-02       9.836637456780e+03 
       2.734415376945e-02       9.800783884196e+03 
       2.747917188595e-02       9.764807146944e+03 
       2.761443293175e-02       9.728789557507e+03 
       2.774994259996e-02       9.692669448636e+03 
       2.788570673820e-02       9.656494201284e+03 
       2.802173135364e-02       9.620265927375e+03 
       2.815802261814e-02       9.583988541331e+03 
       2.829458687366e-02       9.547664351457e+03 
       2.843143063790e-02       9.511261080962e+03 
       2.856856061010e-02       9.474849814298e+03 
       2.870598367718e-02       9.438370539455e+03 
       2.884370692006e-02       9.401862646448e+03 
       2.898173762023e-02       9.365320435367e+03 
       2.912008326671e-02       9.328731185432e+03 
       2.925875156320e-02       9.292080913451e+03 
       2.939775043553e-02       9.255460479764e+03 
       2.953708803956e-02       9.218803559118e+03 
       2.967677276928e-02       9.182115421227e+03 
       2.981681326535e-02       9.145405312977e+03 
       2.995721842402e-02       9.108706808735e+03 
       3.009799740639e-02       9.071916861296e+03 
       3.023915964820e-02       9.035170306044e+03 
       3.038071486995e-02       8.998407537972e+03 
       3.052267308754e-02       8.961650811243e+03 
       3.066504462348e-02       8.924889315385e+03 
       3.080784011846e-02       8.888117493797e+03 
       3.095107054365e-02       8.851347592830e+03 
       3.109474721348e-02       8.814596901088e+03 
       3.123888179905e-02       8.777837258065e+03 
       3.138348634227e-02       8.741070434599e+03 
       3.152857327058e-02       8.704309488975e+03 
       3.167415541255e-02       8.667571871680e+03 
       3.182024601410e-02       8.630873117511e+03 
       3.196685875575e-02       8.594164257030e+03 
       3.211400777054e-02       8.557459685552e+03 
       3.226170766305e-02       8.520800057119e+03 
       3.240997352933e-02       8.484144877071e+03 
       3.255882097795e-02       8.447500573386e+03 
       3.270826615211e-02       8.410879664677e+03 
       3.285832575302e-02       8.374294120383e+03 
       3.300901706450e-02       8.337732602456e+03 
       3.316035797900e-02       8.301220499758e+03 
       3.331236702503e-02       8.264680821297e+03 
       3.346506339621e-02       8.228207100996e+03 
       3.361846698187e-02       8.191727858720e+03 
       3.377259839958e-02       8.155317264805e+03 
       3.392747902944e-02       8.118886346904e+03 
       3.408313105050e-02       8.082545867171e+03 
       3.423957747935e-02       8.046204378487e+03 
       3.439684221099e-02       8.009889487223e+03 
       3.455495006230e-02       7.973638173006e+03 
       3.471392681816e-02       7.937397912281e+03 
       3.487379928048e-02       7.901191518434e+03 
       3.503459532039e-02       7.865016679549e+03 
       3.519634393374e-02       7.828876707181e+03 
       3.535907530028e-02       7.792767919891e+03 
       3.552282084672e-02       7.756681691087e+03 
       3.568761331404e-02       7.720636532970e+03 
       3.585348682938e-02       7.684631427159e+03 
       3.602047698284e-02       7.648645910328e+03 
       3.618862090969e-02       7.612702693389e+03 
       3.635795737835e-02       7.576803903120e+03 
       3.652852688469e-02       7.540902216235e+03 
       3.670037175321e-02       7.505041178281e+03 
       3.687353624562e-02       7.469206167010e+03 
       3.704806667762e-02       7.433407478415e+03 
       3.722401154443e-02       7.397632943466e+03 
       3.740142165613e-02       7.361885643016e+03 
       3.758035028339e-02       7.326143354255e+03 
       3.776085331493e-02       7.290432915161e+03 
       3.794298942756e-02       7.254743559901e+03 
       3.812682027011e-02       7.219076774351e+03 
       3.831241066272e-02       7.183410198789e+03 
       3.849982881286e-02       7.147784568364e+03 
       3.868914654993e-02       7.112144710752e+03 
       3.888043958027e-02       7.076520409071e+03 
       3.907378776482e-02       7.040904420181e+03 
       3.926927542174e-02       7.005276411041e+03 
       3.946699165682e-02       6.969674933715e+03 
       3.966703072469e-02       6.934051700132e+03 
       3.986949242433e-02       6.898419668775e+03 
       4.007448253284e-02       6.862790506104e+03 
       4.028211328181e-02       6.827147553299e+03 
       4.049250388161e-02       6.791454408487e+03 
       4.070578109909e-02       6.755779489214e+03 
       4.092207989555e-02       6.720060617774e+03 
       4.114154413243e-02       6.684309228974e+03 
       4.136432735344e-02       6.648488316954e+03 
       4.159059365309e-02       6.612647943343e+03 
       4.182051864325e-02       6.576752273018e+03 
       4.205429053100e-02       6.540791094334e+03 
       4.229211132333e-02       6.504782735371e+03 
       4.253419817659e-02       6.468685814614e+03 
       4.278078491187e-02       6.432516736183e+03 
       4.303212372076e-02       6.396243292663e+03 
       4.328848709043e-02       6.359875461607e+03 
       4.355016998213e-02       6.323428313377e+03 
       4.381749230312e-02       6.286806125921e+03 
       4.409080171992e-02       6.250067755081e+03 
       4.437047686948e-02       6.213186558320e+03 
       4.465693103620e-02       6.176151618880e+03 
       4.495061637597e-02       6.138928043356e+03 
       4.525202878528e-02       6.101537009457e+03 
       4.556171353365e-02       6.063896676326e+03 
       4.588027180300e-02       6.026053149914e+03 
       4.620836830921e-02       5.987947203968e+03 
       4.654674022009e-02       5.949573444799e+03 
       4.689620763343e-02       5.910902606797e+03 
       4.725768594060e-02       5.871882400791e+03 
       4.763220047946e-02       5.832507935480e+03 
       4.802090397936e-02       5.792721458980e+03 
       4.842509742704e-02       5.752493372593e+03 
       4.884625514270e-02       5.711774219537e+03 
       4.928605506001e-02       5.670533434568e+03 
       4.974641546444e-02       5.628634164263e+03 
       5.022953977509e-02       5.586092452195e+03 
       5.073797137227e-02       5.542775126167e+03 
       5.127466099202e-02       5.498590715391e+03 
       5.184304983843e-02       5.453388436875e+03 
       5.244717229827e-02       5.407090291172e+03 
       5.309178292596e-02       5.359421112989e+03 
       5.378251305678e-02       5.310261743563e+03 
       5.452606265793e-02       5.259250372180e+03 
       5.533043211318e-02       5.206040832523e+03 
       5.620519509172e-02       5.150182897080e+03 
       5.716180467899e-02       5.091056064065e+03 
       5.821390553869e-02       5.027842285425e+03 
       5.937758688447e-02       4.959483389414e+03 
       6.067144354250e-02       4.884509534466e+03 
       6.211620742167e-02       4.801027578709e+03 
       6.373358469002e-02       4.706605577286e+03 
       6.554387000936e-02       4.598271102837e+03 
       6.756211890388e-02       4.472769400148e+03 
       6.979342093771e-02       4.327168688355e+03 
       7.222906653346e-02       4.159831440410e+03 
       7.484611923461e-02       3.971507068322e+03 
       7.761159749442e-02       3.765981640968e+03 
       8.048949275682e-02       3.549791881685e+03 
       8.344711351517e-02       3.331159876030e+03 
       8.645846316691e-02       3.118545200657e+03 
       8.950471852037e-02       2.919383121205e+03 
       9.257309430924e-02       2.739265821353e+03 
       9.565526419776e-02       2.581594040981e+03 
       9.874594976824e-02       2.447573500773e+03 
       1.018418608209e-01       2.336476264048e+03 
       1.049409677258e-01       2.246019498241e+03 
       1.080420263616e-01       2.172793093893e+03 
       1.111442769681e-01       2.112623670381e+03 
       1.142472565573e-01       2.061064984322e+03 
       1.173506832826e-01       2.013736433712e+03 
       1.204543856103e-01       1.966725535714e+03 
       1.235582590998e-01       1.916901453121e+03 
       1.266622400910e-01       1.862165337174e+03 
       1.297662897046e-01       1.801569088488e+03 
       1.328703841234e-01       1.735281338867e+03 
       1.359745086888e-01       1.664427369153e+03 
       1.390786543167e-01       1.590834862120e+03 
       1.421828153207e-01       1.516711727351e+03 
       1.452869880902e-01       1.444329758192e+03 
       1.483911702866e-01       1.375764013006e+03 
       1.514953603547e-01       1.312684735122e+03 
       1.545995572252e-01       1.256233709068e+03 
       1.577037601330e-01       1.206972024766e+03 
       1.608079685063e-01       1.164900079069e+03 
       1.639121818986e-01       1.129516283036e+03 
       1.670163999465e-01       1.099919308079e+03 
       1.701206223434e-01       1.074921694148e+03 
       1.732248488235e-01       1.053174434678e+03 
       1.763290791512e-01       1.033301356672e+03 
       1.794333131137e-01       1.014314137082e+03 
       1.825375505175e-01       9.947679691608e+02 
       1.856417911844e-01       9.738019639619e+02 
       1.887460349495e-01       9.509005795478e+02 
       1.918502816598e-01       9.259142982718e+02 
       1.949545311725e-01       8.990417524859e+02 
       1.980587833542e-01       8.707691469578e+02 
       2.011630380802e-01       8.417567713609e+02 
       2.042672952333e-01       8.127391394541e+02 
       2.073715547037e-01       7.844355730037e+02 
       2.104758163879e-01       7.574689477334e+02 
       2.135800801887e-01       7.323241410237e+02 
       2.166843460145e-01       7.093309842604e+02 
       2.197886137788e-01       6.886595030608e+02 
       2.228928834000e-01       6.703150200858e+02 
       2.259971548012e-01       6.541661925582e+02 
       2.291014279095e-01       6.399481255248e+02 
       2.322057026559e-01       6.272979856889e+02 
       2.353099789752e-01       6.157920723512e+02 
       2.384142568056e-01       6.049862055420e+02 
       2.415185360884e-01       5.944639337354e+02 
       2.446228167680e-01       5.838710035547e+02 
       2.477270987915e-01       5.729445300271e+02 
       2.508313821088e-01       5.615212532604e+02 
       2.539356666721e-01       5.495389517202e+02 
       2.570399524360e-01       5.370318480495e+02 
       2.601442393572e-01       5.241125116385e+02 
       2.632485273946e-01       5.109538062565e+02 
       2.663528165089e-01       4.977725652463e+02 
       2.694571066628e-01       4.847979463845e+02 
       2.725613978204e-01       4.722549457093e+02 
       2.756656899476e-01       4.603298385422e+02 
       2.787699830120e-01       4.491596064169e+02 
       2.818742769823e-01       4.388155393397e+02 
       2.849785718289e-01       4.293050200674e+02 
       2.880828675231e-01       4.205848942329e+02 
       2.911871640379e-01       4.125680217580e+02 
       2.942914613470e-01       4.051377042537e+02 
       2.973957594254e-01       3.981635751264e+02 
       3.005000582493e-01       3.915099499811e+02 
       3.036043577956e-01       3.850461269744e+02 
       3.067086580423e-01       3.786554976950e+02 
       3.098129589681e-01       3.722420454756e+02 
       3.129172605529e-01       3.657406442302e+02 
       3.160215627771e-01       3.591188903014e+02 
       3.191258656219e-01       3.523788045375e+02 
       3.222301690693e-01       3.455524050176e+02 
       3.253344731020e-01       3.386933395242e+02 
       3.284387777034e-01       3.318667593641e+02 
       3.315430828572e-01       3.251385572537e+02 
       3.346473885483e-01       3.185732065184e+02 
       3.377516947615e-01       3.122256230273e+02 
       3.408560014826e-01       3.061383154301e+02 
       3.439603086979e-01       3.003414944312e+02 
       3.470646163939e-01       2.948493520523e+02 
       3.501689245578e-01       2.896593022036e+02 
       3.532732331773e-01       2.847520242306e+02 
       3.563775422404e-01       2.800937932070e+02 
       3.594818517355e-01       2.756413254042e+02 
       3.625861616515e-01       2.713467122438e+02 
       3.656904719777e-01       2.671651840834e+02 
       3.687947827036e-01       2.630566595680e+02 
       3.718990938192e-01       2.589920538208e+02 
       3.750034053147e-01       2.549507385912e+02 
       3.781077171808e-01       2.509215165974e+02 
       3.812120294084e-01       2.468996828555e+02 
       3.843163419887e-01       2.428888772808e+02 
       3.874206549132e-01       2.388975450329e+02 
       3.905249681735e-01       2.349412203265e+02 
       3.936292817619e-01       2.310383291361e+02 
       3.967335956705e-01       2.272092801373e+02 
       3.998379098918e-01       2.234721567346e+02 
       4.029422244186e-01       2.198413513180e+02 
       4.060465392438e-01       2.163254588945e+02 
       4.091508543607e-01       2.129276222675e+02 
       4.122551697626e-01       2.096463734979e+02 
       4.153594854431e-01       2.064775175929e+02 
       4.184638013960e-01       2.034144551398e+02 
       4.215681176152e-01       2.004491040278e+02 
       4.246724340949e-01       1.975720492975e+02 
       4.277767508294e-01       1.947717152083e+02 
       4.308810678132e-01       1.920350297767e+02 
       4.339853850409e-01       1.893494918761e+02 
       4.370897025072e-01       1.867041111494e+02 
       4.401940202071e-01       1.840905387381e+02 
       4.432983381358e-01       1.815041648810e+02 
       4.464026562883e-01       1.789438274801e+02 
       4.495069746601e-01       1.764107070522e+02 
       4.526112932466e-01       1.739075462504e+02 
       4.557156120434e-01       1.714373723038e+02 
       4.588199310462e-01       1.690041153725e+02 
       4.619242502509e-01       1.666120309188e+02 
       4.650285696534e-01       1.642657910400e+02 
       4.681328892498e-01       1.619707532864e+02 
       4.712372090362e-01       1.597311970592e+02 
       4.743415290089e-01       1.575501446745e+02 
       4.774458491641e-01       1.554278523389e+02 
       4.805501694985e-01       1.533624901575e+02 
       4.836544900085e-01       1.513497860537e+02 
       4.867588106907e-01       1.493849353810e+02 
       4.898631315419e-01       1.474627672571e+02 
       4.929674525589e-01       1.455786715941e+02 
       4.960717737385e-01       1.437289025875e+02 
       4.991760950777e-01       1.419100552328e+02 
       5.022804165735e-01       1.401190075379e+02 
       5.053847382230e-01       1.383530067997e+02 
       5.084890600235e-01       1.366098233970e+02 
       5.115933819721e-01       1.348884424526e+02 
       5.146977040662e-01       1.331890082045e+02 
       5.178020263031e-01       1.315131686665e+02 
       5.209063486803e-01       1.298628527879e+02 
       5.240106711953e-01       1.282404285871e+02 
       5.271149938456e-01       1.266472718371e+02 
       5.302193166288e-01       1.250841867806e+02 
       5.333236395427e-01       1.235506050865e+02 
       5.364279625850e-01       1.220462943081e+02 
       5.395322857533e-01       1.205709075370e+02 
       5.426366090456e-01       1.191241633821e+02 
       5.457409324598e-01       1.177057776140e+02 
       5.488452559937e-01       1.163151915145e+02 
       5.519495796454e-01       1.149511204335e+02 
       5.550539034128e-01       1.136118546945e+02 
       5.581582272940e-01       1.122952290074e+02 
       5.612625512872e-01       1.109995681157e+02 
       5.643668753904e-01       1.097234441109e+02 
       5.674711996019e-01       1.084662553155e+02 
       5.705755239199e-01       1.072277516565e+02 
       5.736798483426e-01       1.060077433482e+02 
       5.767841728684e-01       1.048057692056e+02 
       5.798884974956e-01       1.036215181133e+02 
       5.829928222225e-01       1.024541844554e+02 
       5.860971470477e-01       1.013033317681e+02 
       5.892014719695e-01       1.001692392416e+02 
       5.923057969864e-01       9.905239351260e+01 
       5.954101220969e-01       9.795344474438e+01 
       5.985144472996e-01       9.687295486570e+01 
       6.016187725930e-01       9.581095495678e+01 
       6.047230979757e-01       9.476692770797e+01 
       6.078274234464e-01       9.374006344514e+01 
       6.109317490036e-01       9.272962219782e+01 
       6.140360746462e-01       9.173504548686e+01 
       6.171404003728e-01       9.075609480493e+01 
       6.202447261821e-01       8.979259079142e+01 
       6.233490520729e-01       8.884425327234e+01 
       6.264533780440e-01       8.791050476393e+01 
       6.295577040942e-01       8.699052459074e+01 
       6.326620302223e-01       8.608343812981e+01 
       6.357663564272e-01       8.518858464511e+01 
       6.388706827077e-01       8.430572478298e+01 
       6.419750090628e-01       8.343499994505e+01 
       6.450793354914e-01       8.257657960350e+01 
       6.481836619924e-01       8.173062027461e+01 
       6.512879885648e-01       8.089701010646e+01 
       6.543923152076e-01       8.007542671285e+01 
       6.574966419197e-01       7.926538677874e+01 
       6.606009687002e-01       7.846656901978e+01 
       6.637052955481e-01       7.767887234831e+01 
       6.668096224626e-01       7.690244805284e+01 
       6.699139494425e-01       7.613750923502e+01 
       6.730182764871e-01       7.538400789481e+01 
       6.761226035955e-01       7.464180110936e+01 
       6.792269307668e-01       7.391030972128e+01 
       6.823312580000e-01       7.318900761315e+01 
       6.854355852944e-01       7.247741471578e+01 
       6.885399126492e-01       7.177528364139e+01 
       6.916442400635e-01       7.108266021480e+01 
       6.947485675365e-01       7.039953411511e+01 
       6.978528950675e-01       6.972595991307e+01 
       7.009572226557e-01       6.906159729080e+01 
       7.040615503002e-01       6.840606967458e+01 
       7.071658780005e-01       6.775899988533e+01 
       7.102702057556e-01       6.711996297236e+01 
       7.133745335650e-01       6.648906038272e+01 
       7.164788614279e-01       6.586631043523e+01 
       7.195831893436e-01       6.525199778568e+01 
       7.226875173115e-01       6.464623289970e+01 
       7.257918453308e-01       6.404839629432e+01 
       7.288961734009e-01       6.345864677833e+01 
       7.320005015212e-01       6.287646837102e+01 
       7.351048296910e-01       6.230159339052e+01 
       7.382091579097e-01       6.173398158646e+01 
       7.413134861767e-01       6.117364328019e+01 
       7.444178144913e-01       6.062074854029e+01 
       7.475221428531e-01       6.007521450085e+01 
       7.506264712613e-01       5.953686072217e+01 
       7.537307997154e-01       5.900531534685e+01 
       7.568351282150e-01       5.848029565058e+01 
       7.599394567593e-01       5.796160695547e+01 
       7.630437853478e-01       5.744924493248e+01 
       7.661481139801e-01       5.694296467352e+01 
       7.692524426555e-01       5.644323948912e+01 
       7.723567713736e-01       5.594992601438e+01 
       7.754611001338e-01       5.546279615253e+01 
       7.785654289357e-01       5.498167515573e+01 
       7.816697577787e-01       5.450627452248e+01 
       7.847740866624e-01       5.403640908406e+01 
       7.878784155862e-01       5.357195999609e+01 
       7.909827445498e-01       5.311316792017e+01 
       7.940870735526e-01       5.266056538248e+01 
       7.971914025941e-01       5.221275154114e+01 
       8.002957316740e-01       5.177089835090e+01 
       8.034000607917e-01       5.133438393270e+01 
       8.065043899469e-01       5.090291188681e+01 
       8.096087191390e-01       5.047634167395e+01 
       8.127130483678e-01       5.005465808559e+01 
       8.158173776327e-01       4.963797930850e+01 
       8.189217069334e-01       4.922632558679e+01 
       8.220260362694e-01       4.881964302692e+01 
       8.251303656404e-01       4.841793016386e+01 
       8.282346950459e-01       4.802086475874e+01 
       8.313390244855e-01       4.762820505212e+01 
       8.344433539590e-01       4.723986906554e+01 
       8.375476834658e-01       4.685582104388e+01 
       8.406520130057e-01       4.647614423808e+01 
       8.437563425783e-01       4.610097784289e+01 
       8.468606721832e-01       4.573024111404e+01 
       8.499650018200e-01       4.536383084162e+01 
       8.530693314884e-01       4.500153789538e+01 
       8.561736611881e-01       4.464316754208e+01 
       8.592779909187e-01       4.428868825444e+01 
       8.623823206799e-01       4.393806648245e+01 
       8.654866504713e-01       4.359136291427e+01 
       8.685909802927e-01       4.324867698174e+01 
       8.716953101437e-01       4.290998241588e+01 
       8.747996400240e-01       4.257512106110e+01 
       8.779039699333e-01       4.224390889395e+01 
       8.810082998712e-01       4.191622230510e+01 
       8.841126298375e-01       4.159197037323e+01 
       8.872169598319e-01       4.127115101868e+01 
       8.903212898541e-01       4.095383500093e+01 
       8.934256199038e-01       4.064010395132e+01 
       8.965299499806e-01       4.032987319110e+01 
       8.996342800844e-01       4.002316999133e+01 
       9.027386102149e-01       3.971964334948e+01 
       9.058429403717e-01       3.941925423586e+01 
       9.089472705546e-01       3.912191247552e+01 
       9.120516007634e-01       3.882762832503e+01 
       9.151559309977e-01       3.853653955110e+01 
       9.182602612573e-01       3.824867007930e+01 
       9.213645915420e-01       3.796392242254e+01 
       9.244689218515e-01       3.768217546296e+01 
       9.275732521855e-01       3.740338137048e+01 
       9.306775825439e-01       3.712742637800e+01 
       9.337819129263e-01       3.685419785527e+01 
       9.368862433325e-01       3.658373128623e+01 
       9.399905737623e-01       3.631611573679e+01 
       9.430949042155e-01       3.605135307665e+01 
       9.461992346918e-01       3.578943631771e+01 
       9.493035651909e-01       3.553025021465e+01 
       9.524078957128e-01       3.527370986804e+01 
       9.555122262571e-01       3.501966867930e+01 
       9.586165568237e-01       3.476809319882e+01 
       9.617208874122e-01       3.451897016806e+01 
       9.648252180226e-01       3.427240864115e+01 
       9.679295486545e-01       3.402842736632e+01 
       9.710338793079e-01       3.378701127038e+01 
       9.741382099824e-01       3.354805599002e+01 
       9.772425406779e-01       3.331145969303e+01 
       9.803468713942e-01       3.307711148065e+01 
       9.834512021310e-01       3.284493942517e+01 
       9.865555328883e-01       3.261504155360e+01 
       9.896598636657e-01       3.238743550157e+01 
       9.927641944632e-01       3.216215864670e+01 
       9.958685252804e-01       3.193929451742e+01 
       9.989728561173e-01       3.171853763480e+01 
       1.002077186974e+00       3.149982995503e+01 
       1.005181517849e+00       3.128321921682e+01 
       1.008285848744e+00       3.106863103343e+01 
       1.011390179658e+00       3.085602123540e+01 
       1.014494510590e+00       3.064551587908e+01 
       1.017598841541e+00       3.043723722468e+01 
       1.020703172510e+00       3.023087376954e+01 
       1.023807503498e+00       3.002657802782e+01 
       1.026911834504e+00       2.982422542441e+01 
       1.030016165527e+00       2.962367359301e+01 
       1.033120496568e+00       2.942493372123e+01 
       1.036224827627e+00       2.922796863011e+01 
       1.039329158704e+00       2.903299159951e+01 
       1.042433489797e+00       2.883988515868e+01 
       1.045537820908e+00       2.864867240857e+01 
       1.048642152035e+00       2.845929614002e+01 
       1.051746483180e+00       2.827162844566e+01 
       1.054850814341e+00       2.808562532558e+01 
       1.057955145519e+00       2.790127419134e+01 
       1.061059476713e+00       2.771860025297e+01 
       1.064163807923e+00       2.753763101729e+01 
       1.067268139149e+00       2.735842720752e+01 
       1.070372470391e+00       2.718094239523e+01 
       1.073476801650e+00       2.700509204906e+01 
       1.076581132923e+00       2.683078777248e+01 
       1.079685464213e+00       2.665800664885e+01 
       1.082789795517e+00       2.648672731567e+01 
       1.085894126837e+00       2.631698251987e+01 
       1.088998458172e+00       2.614880282594e+01 
       1.092102789522e+00       2.598221752687e+01 
       1.357176611796e+00       1.588871160928e+01 
       1.707551415815e+00       9.376181734209e+00 
       2.149667106106e+00       5.486922827523e+00 
       2.706270518157e+00       3.191289222317e+00 
       3.406992726490e+00       1.846148006716e+00 
       4.289149721176e+00       1.062977947005e+00 
       5.399719578978e+00       6.095136199851e-01 
       6.797844194538e+00       3.482401247233e-01 
       8.557978801921e+00       1.983370755090e-01 
       1.077385698733e+01       1.126505160324e-01 
       1.356348234439e+01       6.382882564688e-02 
       1.707541259578e+01       3.609022899214e-02 
       2.149667083369e+01       2.036807586500e-02 
       2.706270518151e+01       1.147597674860e-02 
       3.406992726490e+01       6.455838658533e-03 
       4.289149721176e+01       3.626150614752e-03 
       5.399719578978e+01       2.033402015786e-03 
